1211046425881
1211047375888
1211046414258
1211046438082
1211045947166
1211046536703
1211045939733
1211047104268
1211046466574
1211046281076
1211046133983
1211046850259
1211045943236
1211050217606
1211046386879
1211046407598
1211046634734
1211046230957
1211046326353
1211063290550
1211046436349
1211046301835
1211045957007
1211045937535
1211046043388
1211046429573
1211046429282
1211045965756
1211063539846
1211045951795
1211047141902
1211045860535
1211045865990
1211045958527
1211046439185
2811051922393
1210098120864302
1211045875558
1211045944708
1211046436241
1211063210079
1211046411320
1211045952843
1211045956886
1211047007952
1211099844001
1211045946854
1211046410565
128190260686645
2811051921022
1211046436615
1211047138831
1211100668340
1211046537618
1211045942541
1211047224466
127739048997228
1211045873364
2811051871009
1211045946182
1211047333303
1210112493432419
1211046436119
1211046324727
1211046633942
1211046985303
1211046436708
1211047169731
1211046411206
1211055351243
1211045876513
1211046436994
1211050217589
1211051215324
127509885595979
1211045874034
1211047099186
1211045950081
1211046411121
1211045949763
1211045943151
1211046433850
1211100898136
1211045860353
1211045822174
1211046415051
1211045950373
1211045956844
1211045864426
1211045947117
1211045875300
1211045864488
1211063473948
1211046885400
1211046414165
1211046433841
1211050210640
1211045948858
1211045946607
1211046876432
1211045960791
1211045966388
1211046991404
1211045945462
1211045899090
1211046437426
1211045966669
1211046437267
1211045945036
1211045937679
1211045876044
1211045901545
1211046857668
1211045860145
1211045876364
1211046200170
1211045958755
1211045943634
1211046640917
1211045958862
1211046281568
1211045948860
1211046165071
1211046433001
1211045950720
1211046589319
1211045822238
1211045950249
1211046461821
1211045946566
1211046801469
1211045946080
1211045941054
1211047142171
1211046529015
1211046436236
1211046982107
1211046434327
1211045859038
1211045949193
1211062847617
1211047142481
1211045944914
1211045948713
1211045952553
1211046410347
1211045963132
1211046519829
1211047389351
1211046491275
1211047329562
1211046439511
1211045937378
1211045936959
1211045944000
1211047327526
1211045900693
1211047780700
1211046439205
1211047730317
1211045942434
1211045937031
1211046434511
1211047152666
1211045865592
1211045950231
1211045900461
1211045941884
1211046982103
1211045860412
1211047109624
1211046437009
1211045952296
1211045950483
1211045946337
2811051942847
1211045938374
1211045949974
1211045824122
1211047035292
1211045875685
129523056357588
1211046973115
1211046410510
1211046667780
1211047141585
1210553875246336
1211045945769
1211045942351
1211045876284
129940119334331
1211045941561
1211046805129
1211047281566
1211045876321
1211045506881
1211045945255
1211047142128
1211045942145
1211045951457
1211045938059
1211046982605
1211046429048
128049462358366
1211047319465
1211045943822
1211045986490
1211045986492
1211046413724
1211045937221
129798511243356
1211063496714
1211045945178
1211046461820
1211046411908
1211045985966
1211047033239
1211046813365
1211046802298
1211045966482
1211045865924
1211045938191
1211046433507
1211046615232
1211046758402
1211045964325
1211045944161
1211045864014
1211045953714
1211045942757
1211045938625
1211045821921
1211046507173
1211045940086
1211045939214
1211045865763
1211046433063
1211047950446
1211045941303
1211045955431
1211046670058
1211046415303
1211046433788
1211100256695
1211047780625
1211046433673
1211051617482
1211046767502
1211046667676
1211052167894
1211046878826
1211045939990
1211100691743
1210452382266240
1211050527326
1211099876773
1211045941853
1211045946952
1211045941360
1211045865521
1211046765324
1211047097436
1211046731235
128123393520619
128842185551081
1211052685560
1211046451760
1211047391897
1211063820890
1211046434614
1211099874271
1211055183180
2811051883023
127916114424818
1211046985107
1211046410793
2811051581245
2811051573920
1211045942018
1211045967800
1211046997044
1211154448985263
1211046426885
1211047191989
129753758281748
1211099665316
1211047147702
128232654614509
1214552801488838
1211051833325
1214625339093461
1214874405013686
128829441420921
2811053126383
127309093515727
1211047142071
1217720427448964
1211052241979
1211045938874
1211474921337080
129147898409524
1211045866287
1211697269518351
1215055078067556
1211047391981
1211045876575
1212156794842503
1214712392682144
1211047589411
127715743871424
1210318105554927
1211046838731
1211048219284
1211045946533
128616076128453
128257732358902
1216481080609181
1211046438936
1213673896095536
1216436352813950
1211046436194
1211046438972
1211046439060
1211046439160
1211046439231
1211046804532
1211741433180556
1211046186309
128531765637298
1210183836184812
1211046634106
1211791279338349
1211045985994
1213333190683797
1211045863599
1214758827012374
1211100667494
1211046438971
1211787792823248
1211929439449401
129889334177777
1215570786880067
1211045938043
2811051584082
1220020575203459
1216141952782242
1211045954269
1211046438885
1211046813024
1211100048933
1211046436172
1211046754936
1211045863795
1213807716937597
1211045942506
1211047702925
2811052352310
127988206646166
1211051145212
1211050419996
1211025587384589
1211271840214676
1214234511749846
1214283901012262
1214372752361499
1214398432490466
1215890678058553
1216997358776355
1217160603709301
1217591963234417
1218197727185025
1218203347028829
1220020569960373
1220020624503982
1220020773401575
1220020860431247
1220020956903559
1220021003037459
1220021276748661
1220022283714417
1211046410987
1211046429566
1211046439068
1211046962379
1211051924058
1211052174626
128050846477771
1210271246266894
1210274068771397
1210404538364343
1210616914063373
1211155669004991
1211054874329
1211047561207
1211099666384
1210276327141041
1214165265124347
1217722572811656
1217928466762107
1211050913052
1211056095053
1211058967723
2811053267834
129703816703296
1215184866872549
1211047388984
1220021352330691
1211050501833
1211057371948
128774445182236
1215236384961301
1220021151967616
1211045937980
1211046410656
1211047109578
1211047289225
1211053478192
1211099763887
1211100048784
1211100362039
128525643002085
129166391357085
129570877190987
1210155980238553
1210774231919845
1213126900658890
1214396267441920
1214848867971054
1215505217326350
1210050071703641
1211099843698
1211046809745
1211047239662
1211047328421
129526465016226
129567699480559
1210270155485221
1211429576192039
1215257373019694
1215433831582605
1216934593900488
1220021179240337
1220021331358033
1220021476087481
1220022184097627
1211046122735
1211046410882
1211047616083
1211099932308
1211100686994
2811051946159
128096285733439
128525185823480
1210365789810161
1211131490677297
1212534365041621
1214330005564492
1214395206282507
1214413744845073
1214580013894256
1214911949517466
1215077315457948
1216678440677221
1217563625993194
1218201496029603
1220021275708230
1211047588822
1213916256875177
1215735208291620
1211046436553
1211158072603017
1211310926934833
1211406487859496
1215026114800997
1217516473363808
1218037511303618
1220021080665445
1220021131004648
1220021709974436
1220021837901251
1220022009970119
1220022288953391
1211046410549
1211046410750
1211046410764
1211046436963
1211046622924
1211046625518
1211047052653
1211050500865
1211099660756
1211100842074
127489472966423
127806053526881
127806053527018
127806053527206
128051145584031
128052827239290
128686221144222
128707062117374
1211046812830
1214766766043175
128049682820561
1211046434583
1211046413957
1211045952897
1211046753528
1211045940059
1211045944798
1211058064373
1213061986988531
1211050421678
1211047239720
129162542559949
1215845712759701
1211047606577
128123798532149
1211046436616
1211046434630
1210090506629440
1211046436266
1211063305651
1211052264717
1211046804537
2811051570159
1211047820803
1211046982832
1211045944894
1211100048885
1211061992036
1211047354010
1211045329648
1211045230939
1211045292427
1211045232777
1211045170627
1211045164618
1211045155439
1211045159750
1211046118740
1211046118099
1211045253642
1211045328868
1211045900440
1211045218441
1211045166252
1211045331521
1211046618087
1211045201938
1211045318328
2811052014674
1211045265386
1211046510117
1211045997540
1211045249898
1211045320579
1211045329272
1211046559475
1211046340697
1211045170633
1211045297130
1211045922656
1211045952896
1211045578246
1211045338459
1211045166170
1211045295102
1211045342819
1211045168194
1211045233657
1211045349328
1211045371019
1211045369767
1211045377829
1211045350119
1211045220034
1211043682038
1211045160746
1211045153655
1211045154194
1211045348635
1211045344517
1211045338468
1211043691183
1211045359120
1211045283056
1211045160707
1211045356906
1211045297507
1211045162674
1211045248335
1211045215386
1211046059733
1211045308000
1211045165410
1211045212370
1211045224265
1211045153513
1211045239549
1211045260549
1211046118372
1211045260051
1211045174434
1211045331123
1211046499971
1211046067136
1211045201140
1211047219172
1211045235923
1211046171079
1211045247789
1211045231604
1211045993969
1211045238638
1211046078731
1211045184932
1211045242914
1211045172250
1211045233333
1211046014846
1211045321467
1211045266538
1211045296456
1211045996001
1211045369738
1211045273837
1211045211718
1211045265990
1211046094973
1211045277751
1211045232340
1211045320622
1211045163764
1211045204179
1211045305036
1211046125360
1211045262634
1211045223742
1211045165910
1211050950872
1211046003158
1211045229437
1211045238062
1211045244903
1211045274992
1211045243466
1211045207201
1211045206875
1211045288489
1211045270459
1211045280110
1211045207145
1211045170884
1211046341878
1211045271788
1211045133969
1211045204920
1211046002359
1211045174773
1211045992420
1211059311554
1211045372433
1211045998366
1211045235593
1211045170146
1211045317095
1211045258942
1211045316063
1211045287492
1211046885702
1211045167881
1211045171724
1211045329948
1211045991820
1211045187885
1211045269690
1211045995239
1211045992846
1211045276733
1211045165226
1211045181577
1211045241107
1211045161407
1211045264704
1211045330903
1211045285675
1211045164267
1211046066408
1211045224971
1211046069863
1211045208791
1211045288170
1211047615883
1211045185547
1211045286933
1211045172572
1211045357115
1211046117895
1211046054946
1211045280546
1211046049231
1211045997362
1211046043389
1211045237520
1211045227921
1211045186898
1211045993444
1211045230292
1211045199280
1211045301019
1211045332384
1211045315358
1211046116826
1211045221035
1211045299780
1211045290220
1211045209534
1211045245925
1211045208142
1211045214825
1211046053567
1211045200230
1211046258749
1211046055475
1211045219485
1211045253563
1211045268334
1211046635295
1211045337039
1211045996861
1211045201883
1211045199951
1211045213673
1211045232850
1211045269267
1211045329327
1211046028827
1211045249337
1211046149409
1211045226311
1211045266264
1211045144364
1211045262071
1211046164228
1211045338105
1211045993905
1211045575926
1211045241098
1211045275513
1211045249899
1211045156024
1211045241818
1211046159454
1211045347777
1211045135261
1211044696856
1211045276607
1211045290219
1211045278411
1211045240084
1211045272397
1211045225711
1211045137181
1211045342091
1211045141441
1211045302256
1211045255764
1211045198038
1211045997539
1211045993174
1211046025457
1211045286809
1211046411394
1211045243982
1211045346804
1211045298176
1211045362239
1211045240976
1211046055734
1211046126959
1211045332869
1211045173020
1211045260093
1211045995517
1211045171231
1211046357342
1211045157682
1211045188441
1211045292879
1211045010073
1211046002284
1211045243475
1211046563969
1211045282331
1211045159073
1211045213710
1211045199728
1211045345477
1211045212676
1211045183066
1211045210730
1211046118454
1211045276642
1211045297941
1211045336005
1211045219591
1211045230539
1211045209161
1211045307418
1211046066866
1211046219548
1211045181201
1211045258335
1211046049009
1211045280046
1211045222062
1211045228215
1211045285521
1211045997497
1211045302257
1211045260921
1211046159875
1211045998683
1211045254192
1211045238997
1211045205030
1211045996214
1211045314341
2811052489240
1211045275756
1211046188582
1211045206374
1211045314108
1211045290889
1211045323778
1211045156410
1211045316130
1211045217019
1211045318504
1211046042165
1211063122593
1211045317776
1211045207402
1211046170873
1211045248437
1211046085377
1211045999424
1211046059516
1211045203716
1211045265598
1211046169974
1211045237262
1211046122915
1211045242857
1211045221729
129749657039438
1211045995615
1211045165923
1211045161043
1211045251342
1211045278730
1211045245993
1211045285676
1211045222634
1211045262194
1211046056182
1211045249433
1211045313259
1211045163610
1211045349966
1211045992959
1211045226902
1211045216099
1211045294280
1211045226711
1211045305777
1211046207286
1211045332531
1211045287784
1211045327665
1211045269043
1211048226585
1211045327674
1211045172161
1211045256790
1211045204511
1211046422809
1211045212898
1211046002285
1211045214465
1211045992845
1211046070387
1211045214483
1211046561371
1211045292074
1211045201731
1211045279196
1211045996556
1211045240397
1211045180820
1211045257923
1211045315148
1211046543480
1211045281772
1211046205610
1211045157062
1211045212973
1211045320934
1211045290016
1211045210148
1211045238738
1211045213312
1211046095252
1211046066321
1211045172482
1211045374157
1211045319621
1211045258489
1211045351962
1211045208962
1211045239978
1211045292878
1211045265761
1211045226920
1211045162431
1211046069831
1211045222431
1211045272709
1211045284665
1211046453835
1211045300961
1211045307730
1211045137139
1211045306113
1211045262020
1211063557909
1211045373633
1211045293748
1211045238702
1211045203021
1211045257924
1211045300746
1211045292709
1211045257788
1211045247807
1211045275753
1211045996676
1211046289673
1211045306483
1211045318412
1211045155285
1211046761992
1211046187189
1211047018655
1216389880449271
1211046590182
1211046664203
1211046510017
1211100845794
1211046067557
1211045281601
1211046125644
1211046170969
1211046804161
1211046612521
1211046964573
1211045289883
2811051528192
1211046428778
1211046126419
2811052255102
1211046176990
1211046619209
1211045362152
1211046509914
1211046567569
1211046170748
1211046765568
1211045994244
129955207820067
1211046136083
1211046279784
1211045375491
1211045161198
1211046341801
1211045999049
1211046171123
1211045184773
1211045216422
1215845194476733
1211046314508
1211045998343
1211046085373
1211048470606
1211046085374
1211045304508
1211045271446
1211045206296
1211045267699
1211045320093
1211046618120
1211045218967
1211045355887
1211045236239
1211045312280
1211045306460
1211046452394
1211045268722
1211045217554
1211045277662
1211045991720
1211046117780
1211046042171
1211045140191
1211046589388
1211045266395
1211045223239
1211045992765
1211046420820
1211045154742
1211045203905
1211045218303
1211046042170
1211045236895
1211045217020
1211045995058
1211045163390
1211045304299
1211045202819
1211045217255
1211045304703
1211046085376
1211045227843
1211045221905
1211045286860
1211045337912
1211046311874
1211046042169
1211045308001
1211046563918
1211045235774
1211046042168
1211046229070
1211099994800
2811051795301
1218088182975204
1212490183290672
1211045210657
1211045218585
1211045992735
1211045995649
1211046042166
1211100048882
128143648600152
1211046293763
1211046753825
1211045335434
1211046138382
1211046171507
1211046275747
1211046387476
1211046808516
1211050231951
1211099955023
2811051457089
2811051685936
1211628443086053
1213601931275968
1213854641786647
1211045167455
1211045288314
1211045223425
1211045218302
1211045206297
1211046805537
1211045272398
1211046462006
1211045203285
1211045317258
1211045215863
1211045133271
1211046042129
1211047561147
1211045245686
1211045295186
1211045159074
1211046042172
1213286225489033
1211045303373
1211045167962
1211045207151
1211045296264
1211045365221
1211046044421
1211046049217
1211047261494
1211045305992
1211045185546
1211045167858
1211045296006
1211046734690
1211046538141
1211045216645
1211046414967
1211046171504
1211045202562
1211046346079
1211046587542
1211046769765
1211046589566
1211045159561
1211045286555
1211046886464
1211045300632
1211045160978
1211046518634
1211045999462
1211045205884
1211046320221
1211046761519
1211047104197
1211045209162
1211045998249
1211045260522
1211046621544
1211045317637
1211046810208
1211045305037
1211046758526
1211046219725
1211047008332
1211100687339
1211880989732614
1214464283848789
2811052057084
1211046459437
1211046524944
1211046527772
126736531960581
1211047176070
2811051571419
1213282787995507
1211046634908
1213605519241361
1211046645965
1211046464321
1211099955296
1211045303724
1211045327985
1211046042167
1211046553519
1211045992195
1211045245155
1211058687454
127623821766911
1211045900910
1211046316038
1211045305153
1211046878245
1211045167027
1220021881940401
1211045170459
1211045202561
1211045319381
1211046170749
1211046456277
1211046579832
1211046639688
1211046760250
1211046878909
1211047136794
1211047387881
1211047594963
2811052245359
127806888456372
1212813302247058
1213982648513360
1215504504795729
1217002505974756
1211046562835
1211047261795
1212988771218097
1220020394813575
1211045305417
1211045315062
1211046014612
1211046125333
1211046170815
1211046190813
1211046202490
1211046347389
1211046407167
1211046447851
1211046456574
1211046488567
1211046501697
1211046524116
1211046570144
1211046579248
1211046593416
1211046593512
1211046598064
1211046618049
1211046619693
1211046687492
1211046740921
1211046756487
1211046803989
1211046804154
1211046825167
1211046844989
1211046870007
1211046877958
1211046889383
1211046909833
1211046916622
1211046961887
1211046962334
1211046965848
1211046973083
1211047052649
1211047071025
1211047119911
1211047174429
1211047190112
1211047231100
1211047277556
1211047312894
1211047610268
1211051732199
1211099773702
1211099995205
2811051466261
2811051554303
2811052021497
2811052047445
128529525878602
128757576216775
129635409702417
1210976494628275
1211295657046199
1211949593604831
1212811696616282
1213167959225050
1213602570646382
1213672776740819
1217161880875866
1220020604575750
1211045829357
1211046115890
1211046426910
1211046040986
1211046386920
1211045852239
1211045463831
1211045505625
1211046035621
1211045784945
1211046054370
1211046057996
1211045826327
1211046074212
1211045501978
1211045467414
1211045478573
1211046128857
1211045470358
1211045780133
1211045471931
1211045790698
1211045504801
1211045833962
1211045825608
1211045847289
1211046114575
1211046042173
1211045485471
1211046768739
1211046110037
1211045817704
1211045523389
1211046114815
1211045496880
1211046142335
1211045468624
1211046282234
1211045477034
1211045858114
1211045989961
1211045466604
1211045790469
1211045117086
1211045487676
1211045774471
1211046059821
1211099889451
1211046060528
127716827049656
1211046113015
1211045923643
1211046561147
1211045765181
1211045786585
1211046110538
1211045778492
1211045917210
1211045917656
1211046103739
1211045475316
1211046099285
1211046535623
1211046087037
1211046106004
1211045815765
1211045512448
1211045783687
1211045853051
1211046119136
1211046627604
1211045522324
1211045808496
1211046139639
1211046347227
1211045827806
1211045924864
1211045500420
1211045860689
1211063900381
1211046804538
1211045782793
1211045820891
1211046052924
1211046108153
1211046426886
1211045827217
1211045823862
1211046076364
1211045859014
1211045766485
1211045821070
1211045500939
1211045854552
1211045795762
1211045828494
1211045504200
1211046308240
1211045845162
1211046114274
1211046146581
1211047114738
1211046306484
1211045498323
1211045503450
1211045812253
1211047068670
2811052406149
1211045835134
1211045848365
1211045462761
1211045119310
1211045836237
1211045836467
1211045489269
2811052390301
1211046228547
1211046114174
1211045873283
1211045924538
1211046147274
1211045819699
2811052416248
1211045819674
1211045490378
1211045857466
1211045869223
1211045843724
1211046108928
1211045763957
1211046347313
2811052441266
1211045487101
1211046075474
1211045496374
1211045805995
1211045781868
1211046547781
1211046161574
1211045810389
1211045508115
1211045478489
1211046357673
1211045842516
1211045796017
1211046087443
1211045790564
1211046139314
1211045806483
2811052406632
1211046042417
1211045860874
1211045843728
1211045921833
1211046105555
1211046059820
1211045840444
1211045849891
127672378437628
1211045824497
1211048648515
1211046678765
1211046308696
1211045480244
1211045763291
1211045521375
1211046138523
1211046049789
1211046411446
1211046808737
1211045834853
1211045757732
1211046615854
1211063181023
1211045816228
1211045513461
1211046020302
1211045792362
1211045756458
1211045837501
1211100166587
1211046149587
1211046625745
1211046565351
1211045823489
1211045857367
1211045836077
1211045780134
1211047746417
1211045838795
1211045870019
1211046565349
1211100684538
2811052427186
1211045515429
1211045822444
128752558518247
1211047126365
1211047033128
1211045859037
1211045829455
1211047118736
1211045836843
1211046053321
1211046127195
1211045494757
1211045832949
1211045852240
1211045833796
1211045845946
1211045835097
1211045755868
1211045842393
1211045861186
1211045462373
1211045784651
1211045520830
1211045516989
1211045518761
1211046553605
1211046085375
1211045778606
1211045805622
1211045827804
1211046049301
1211045486621
1211046153382
1211045828189
1211045464925
127282901921316
1211046115599
1211047120050
1211046073577
1211046126550
1211046444690
1211047657861
1211045863613
1211045824245
1211046905751
2811051972532
1211047558810
1211045493193
1211045834854
1211045491108
1211045898838
1211045842586
1211045778978
1211046542915
1211046309940
1211046074773
1211045837947
1213283135074664
1211045471575
1211046051723
1211045466297
1211046135332
1211045848376
1211045858493
2811052290685
1211045507506
127324960304761
1211046148192
1211045828773
1211046076258
1211046116827
1211045858819
1211046089661
1211045469711
1211046052405
1211045488783
1211047630927
1211045834025
1211045841283
1211046122562
1211045476400
1211045786255
1211046432175
1211046120900
1211045820139
1211045860411
1211045832772
1211045475227
1211045824508
1211045857225
1211045839221
1211045490918
1211045481537
1211045831771
1211046051931
1211046608120
1211045480850
2811052370714
1211045494135
1211045788003
1211045838392
1211046148215
1211045817199
1211045856062
1211045803036
1211045469276
1211045871555
1211051602264
1211045477896
1211047573869
1211045837184
1211046124084
1211046160279
1211045787365
1211045841703
1211047062420
1211045769381
1211045843348
1211045850825
1211045480747
1211046357382
1211046146469
1211045844707
1211047008106
1211045517639
2811052392501
2811052268727
1211046051244
129690042085415
1211046117443
1211046510043
1211046139057
1211046623352
2811052247146
1211045466389
1211045823863
2811052245936
1211045487535
2811051765686
1211045513952
1211045518203
1211046151109
2811051935114
1211045842368
2811051916236
1211046109875
1211045838893
1211045771510
1211047786671
1211045789495
1211046139397
1211045817243
1211045816950
1211045779857
1211046937043
1211046609931
2811052158446
1211045862663
1211045871753
2811052373133
1211046146794
1211046590206
1211046150540
1211045850120
1211046340676
1211046107702
1211046314543
1211045855868
1211045787825
1211046458823
1211045860256
1211046505611
1211045868830
1211047055209
2811052139153
1211045492002
1211047053389
1211046146548
1211045956798
2811052167893
2811051761388
1211045476770
2811051307742
1211046108575
2811052222827
1211045515883
1211047227663
2811052295646
1211045862375
1211047110071
1210231923879428
1211099899282
1211045837767
1211046677266
1211045845156
2811052076068
1211045521635
1211045819543
1211045828307
2811052164344
1211045832995
1211046147109
1211045781643
2811052445437
2811052375885
1211045823846
1211045844879
1211046297630
1211045844687
1211046622153
1211045820926
2811052180606
1211045516301
1211046133717
1211046113832
2811051909964
1211045825504
2811051939494
1211046961160
1211046150461
1211045516014
128349727862985
1211045958729
1211045860810
1211045844004
1211045791753
2811051950422
1211046117631
1211046147428
1211046498859
1211046572902
2811052295165
1211045822577
2811052403114
1211045491811
1211045850750
1211047603082
1211045788369
1211046147297
1211045825501
1211046963606
1211045823341
1211045513843
2811051927218
1211045499012
2811051954589
1211045767537
1211045842394
1211045779713
1211045463830
1211046296793
1211046345891
1211046051594
1211045860903
1211045838241
1211055341871
1211046564145
1211045790306
1211046499919
1211046407130
2811051705171
1211046075473
1211046357218
1211046421044
1211045810825
1211045956529
1211046565350
1211046324622
2811051796744
1211046108488
1211046828235
1211046115555
1211045789911
1211046148526
2811052249040
1211045839222
1211045775715
1211046112726
1211046524227
1211045833856
1211045839592
1211045768272
1211048449566
1211045769974
1211045825607
1211045807478
1211046020209
1211046089611
1211046197988
2811052073463
1211045858474
1211046554636
1211045768775
2811051753828
1211045769692
2811052108269
1211046075053
1211045768115
1211045466229
1211058899551
1211046135286
1211045844126
1211045520455
1211061370988
1211046147990
1211045850823
2811051728065
1211045850421
1211046124462
2811051736926
1211045850822
1211046347250
1211045842613
1213145929952944
1211046604248
1211045845402
2811051934825
2811051921433
1211045492550
1211046135331
1211045519728
1211045819108
1211046670026
1211045847768
1211047239746
1211045787940
1211045768410
1211046146734
1211046149067
1211046546599
1211046148886
1211045824332
1211046149015
1211046421113
2811052114696
1211046441680
1211045839704
1211045516015
1211046089741
1211099716388
2811053139186
1211046906186
127281439944225
1211045855887
1211046579173
1211047236065
1211045832407
1211045816219
1210291862318432
1211047168160
2811052072932
1211045515746
1211045838867
1211045819033
1211046341122
1211045825357
1211046757120
1211046242512
2811052174810
2811052174345
2811052346780
1211046805185
127507580562667
1210593820488204
2811052828838
1211047784058
1211045849508
1210405717225452
1214572940964449
1211047371932
1211046136548
2811052113494
128754726974256
1211046148145
1211046454346
1211045850642
128370596623013
2811051945111
2811052156964
1212964795265702
1211046136552
1211047669771
1211046532263
1210908067967876
2811052127761
1211045743520
1211046148987
2811052135613
2811052272353
1211045516329
1211063460197
1211045820617
1211046947717
1211045515218
1211100092537
1211045520114
1211045819633
1211045863432
1211046135330
1211049318368
1211063766617
2811051747895
1211046148555
1211047215213
1211045819369
1211045825871
1211049687802
1211052213569
1211062244852
2811051701263
2811051805913
2811051809211
2811052074541
2811052075225
2811052094173
128849816826720
129842654719785
1210384414355414
1212495116841173
1212669327519135
1213055310705290
1214934168580932
1217746993361385
1217750976137691
1218061213840166
1220020648620915
1211045842264
1211100160111
1211046916120
1211063885523
1211046753251
1211047218099
2811051971761
2811052143600
1216866505689972
1220022210306746
1211045819503
1211045826328
1211045847443
1211046395529
1211100026313
1211100263670
2811051930717
2811052158004
2811052227471
2811052439307
2811052442615
1211154016972998
1211099633307
1211046075439
1211046172007
1211052802511
2811051752422
2811051923967
2811052118990
2811052126892
2811052142328
1218039829967462
1220021210693956
1220021979460298
1211045815752
1211045817270
1211045863361
1211045957190
1211046148075
1211046231787
1211046462933
1211046592804
1211046608464
1211046676807
1211046827847
1211046869587
1211046886463
1211046961847
1211047009096
1211047053837
1211047182873
1211047330480
1211047381122
1211047634316
1211047724415
1211047901953
1211047991173
1211048351081
1211048798608
1211049101930
1211045746089
2811051978117
1211045632152
1211047696439
2811052655271
1211045653868
2811054111400
1211045627317
1211045879203
1211045691377
1211046205389
2811055439032
1211045643272
1211063466479
2811053657523
1211045719127
1211045689462
1211048449873
2811053706593
1211045689205
2811052722506
1211045637071
1211063290896
1211045632852
1211045718597
1211045729217
1211045748771
1211063554634
1211045753330
2811053611303
128685348466520
1211045736216
1211045654694
1211045742450
1211045640370
1211046135166
1211045637380
1211045885357
1211045606302
128865969614609
128754150517869
1211045656997
1211045620118
1211045653213
1211045707652
1211046242682
1211045888503
1211045729551
1211046029873
1211045727240
1211046987000
1211045713817
1211063306360
1211045753840
1211099785836
1211045709075
1211045870020
1211045733322
1211045875133
1211045735722
1211045714908
1211045731611
1211045635941
1211045862501
1211045732034
1211099936922
1211045758666
1211045656801
1211045646822
1211045617426
1211045886439
1211045629775
1211045733323
1211045641923
2811052711324
1211045627003
2811054477680
1211045630185
1211045695487
1211045707416
1211045690379
1211045865764
1211045748873
2811054509911
1211045752927
2811052601258
1211045637474
1211045883636
1211045671745
1211045753122
1211045886201
1211045718262
1211045754541
1211045658763
2811054237378
1211045644914
1211045719424
1211045880566
1211045653827
1211045878035
1211045639367
1211045864015
1211045749558
1211045755451
1211045643114
1211045751569
128684343668613
1211045664558
1211045766617
1211045766173
1211045869224
1211045644164
1211045740561
1211045752586
1211045693967
1211045750311
2811054464092
2811054458818
1211045649402
2811054231377
1211045732925
1211045891619
1211045882735
1211045643459
1211045645004
1211045732149
1211045750422
1211045747482
1211045647384
2811054150523
1211045726165
1211045660900
1211045643774
1211045727844
1211045726972
1211045695816
1211045763716
1211045620518
1211045632983
1211045711777
1211045730552
1211099786432
1211045682897
1211045685244
1211045652519
1211045715692
1211046428447
1211046119233
1211046025207
1211045757443
1211045886905
1211045702612
1211045719195
1211045682606
1211045617140
2811052661593
1211045718606
1211045869016
2811054520842
1211045630653
1211045616936
1211045735467
1211045732384
1211045628486
1211045657958
1211045636555
1211045646695
1211045619467
1211045691173
2811052538888
1211045868394
128683574014672
2811053579871
1211045617765
1211045705583
1211045868759
1211045623808
1211045637302
1211045752920
1211045686930
1211045878223
1211045712040
1211045648015
1211045757816
1211045609294
1211045652979
1211045642637
1211045673964
1211045726188
1211045627434
1211045734888
1211045703162
1211045890150
1211045757559
1211045765744
1211045751731
1211045714806
1211045685832
2811052639379
1211045729552
1211045652638
1211045684961
1211045626109
1211045648888
1211045731164
1211045689960
1211045630635
1211045683306
2811053740086
1211046119375
1211045879976
1211045621922
1211045658302
1211045629007
2811053559944
1211046124577
1211045703163
1211045693040
1211045690398
1211045705538
1211045713528
1211045602530
1211045634702
1211045618693
1211045752292
1211045738468
1211045740129
1211063578234
1211045688520
1211045863139
1211045653479
2811053697605
1211045710295
1211045877910
1211045610121
1211045693577
128101577108682
1211045676406
1211045627578
1211045717590
1211045765465
1211045630654
1211045646070
1211045727566
1211045865143
1211045704968
1211045717045
1211045710658
1211045663277
2811054377240
1211045736082
1211045692454
1211045681332
1211045694524
1211045672121
1211045707299
1211045680623
1211045711582
2811054122319
1211045674434
1211046958568
1211045618172
1211045635071
1211045671133
1211045708568
1211045691986
1211045662106
1211045692052
1211045719193
1211045631546
1216546301774350
1216611739708703
1218038876286320
1220020469268593
1211045627918
1211045673136
1211047799700
1211045888972
2811052663932
2811053664866
2811053655213
2811054333171
2811054258529
1211045665488
1211045709313
1211045635559
1211045714343
1211045653120
1211045620054
1211045865393
1211045749092
1211045704614
1211045691450
1211045680980
1211045714320
1211045726107
1211045719192
1211045630528
2811052650081
2811053390217
1211045678755
1211045690598
1211045717046
1211045703167
1211046463672
1211045728359
1211045706423
1211045741424
1211045618339
1211045670622
1211045663797
1211045668889
1211045669979
1211045866570
1211045669568
1211045664224
1211046766827
1211045714184
1211045707417
1211045727461
1211045717099
1211045890009
1211046497373
1214074624095058
1211045677194
1211045695186
1212153013153824
1211045673816
1211045620053
1211051927901
2811052726775
1211045719119
1211045752785
1211045676088
1211045682349
2811054079285
2811053612950
1211045665856
2811053711261
1211045635372
2811054221972
1211045713586
1211045715791
1211045744264
1213356160528304
1211045661757
1211045675536
2811052648203
1211045873099
1211045704615
1212201587651163
2811054243242
1211045636911
1211045685643
128872888904866
1211045669433
1211045634819
1211045605727
1211045891893
2811052567765
1211881155933140
1211045687596
1214872827431141
1211045706797
1211046091458
1211051927669
1211045627638
1211047388398
2811054121390
2811053386852
1211610104278725
1210271041007984
1211047118598
1211861189995842
2811052697931
1211045689463
1211565513059806
1211045729133
1212405838721980
1211386420997474
1211045663798
2811051948387
1211045618076
1211046811972
1211045763348
1211063581519
1210637673246933
1213439782105040
1211045677414
1213915706633506
1211045629425
1211045661336
1211045881995
1211045450361
1211045652978
1211045686512
1211046536796
1211046539998
1211046547246
1211046751683
1211046753241
1211046809191
1211049101797
1211050326478
1211062836492
1211100195922
2811053107934
2811053127051
2811053148394
2811053558216
2811053647558
2811053701133
2811054166102
2811055437154
129754242724765
1210636776976908
1212042314199009
1212376462340706
1213762891361531
1213917741920238
1214099523079889
1214442587500302
1215572121694823
1215982412728642
1211045644757
1211045721234
1211045644730
1211045695488
1211046453643
1211099781827
1211099925556
2811054310743
1211045622321
1211045677880
1211051928219
2811054374601
1215077684818227
1211045620159
1211045644840
1211045662684
1211045675547
1211046809159
1211047294185
1211050550185
2811053721320
2811054105715
2811054229531
2811054372972
1214328387613534
1214391428002637
1216367559389547
1220020674833313
1217905110495083
1211045617948
1211045426281
1211045427281
1211045443521
1211045634967
1211045504537
1211045547855
1211045658886
1211045565921
1211045637307
1211045580797
1211045662005
1211045487675
1211045570939
1211045458616
1211045657143
1211045426875
1211046524082
1211045655348
1211045550917
1211045503504
1211045544557
1211045584603
1211045621769
1211045669486
1211045501026
1211045526325
1211045660934
1211046030473
1211045591367
1211045470328
1211045622790
1211045473953
1211047141647
1211045568486
1211045642937
1211046914532
1211045675485
1211045546359
1211045537902
1211045478597
1211046916656
1211045588274
1211045573708
1211045592451
1211045604582
1211045603243
1211045605314
1211045888992
1211045476408
1211047384310
1211045611799
1211045541115
1211045557472
1211045599237
1211047399682
1211045525244
1211047793294
1211045559017
1211045543552
1211045475215
1211045533685
1211045618982
1211045572985
1211045668886
1211045719194
1211045494411
1211045884157
1211046453605
1211045573020
1211045565063
1211045610120
1211045678577
1211045522456
1211045588275
1211045481432
1211045513023
1211045510295
1211045477196
2811050887287
1211045569476
1211045468623
1211045581158
1211045561837
2811051012844
1211045674038
1211046154407
1211045492918
1211045678395
1211045488927
1211045487186
1211045602348
1211045681822
1211045892521
1211045570842
1211045420113
1211045601731
127510159011874
1211045489689
1211045573325
2811051374657
1211045607970
1211045678775
1211045891083
1211045578049
1211045428421
1211045586891
1211047666758
1211045742449
1211045480006
1211045521476
1210700171522762
1211045440808
1211045598881
2811050891382
1211045568190
1211045464095
1211045518088
1211045890139
1211045486423
1211045603837
1211045557990
1211045549326
1211045480963
1211045551927
1211062868961
1211045477973
2811051294917
1211045600905
1211045877500
1211045625498
1211055585177
1211046490395
1211047145725
1211046107734
1211048057938
1211045624619
1211045660495
1211045749942
1211045446563
1211045627637
1211045595526
1211045453572
1211045555771
1211045514509
1211045570798
1211045507507
1211045491993
1211045594494
1211045709041
1211045458045
1211045523493
1211045597904
1211045582053
1211045512500
1211045866489
1211046490041
1211045595113
1211063571613
1211045450809
1211048494657
1211046146135
1211045462804
1211046960940
1211045645200
1211045508351
1211045582300
1211046170519
1211045442257
1211045571803
2811051175324
1211045465281
1211045519032
1211045554353
1211045470169
1211045511506
1211045515053
1211045598645
1211045461895
1211045516013
1211045740734
1211045611139
1211045588143
1211045544736
1211045531574
1211045703518
1211045895098
1211045511976
1211045434817
1211045535925
1211046421219
1211045550568
1211045449957
1211045535660
127330506485217
1211045590505
1211045464750
1211045516904
1211045556842
1211045686064
1211045449207
1211045880207
1211045893323
1211045748874
1211045599236
1211045492583
1211045594604
1211047723134
1211045586153
1211045422450
1211045457868
1211045525028
1211045551945
1211045489380
1211045459784
1211045510637
1211045587094
1211046946787
1211047238043
1211045524237
1211055585622
1211045568507
1211062800308
1211045532338
1211045497642
1211045509805
1211045549020
1211045583007
1211045482074
1211045538154
1211045618241
1211045672123
1211045894126
1211045595434
1211045629352
1211045532869
1211045534903
1211045466603
1211045533921
1211046874933
1211045748267
2811051066692
1211045520544
1211046613160
1211046962106
1211046108027
1211045557233
1211048209792
1211045491020
1211045531130
1211045431696
1211046407001
2811050697233
1211045526324
1211045541750
1211045462518
1211045673815
1211045532490
1211045580839
1211045419984
2811051334419
1211045895986
1211045576161
1211045593829
1211045561578
1211045543623
1211045445708
1211045455467
1211045508431
1211045472291
1211046299695
1211045462156
1211055509740
2811051082801
1211046734659
1211045602721
1211045610985
2811051085765
1211045517262
1211045463542
1211045431404
1211046757269
1211045490857
1211045679026
1211045523854
1211047573735
1211045519055
1211045587002
1211047777376
1211045506681
2811050887841
1211045631316
1211045439517
1211045560967
1211045512601
1211045529435
1211045556586
2811051311317
2811050966654
2811051392164
1210317418737485
1211045536476
1211045514189
2811051021281
1211045439380
2811051047572
1211045517980
1211045685975
1210865907346516
1211045568371
2811050692802
1211045747462
1211045562382
1211045553492
1212537830847395
2811051115328
1211045466098
2811051302401
1211046876097
2811050855702
1211045520827
1211046672962
1211045553642
1211045674693
1211046401270
2811050940383
1211045515783
2811051063552
1211046535327
2811051652849
1211047586938
1211047091576
2811050948677
1211047177718
1211046846076
1211153758499099
1211046312124
128349727863724
1211100761181
1217660296310187
2811051034546
1211047648038
2811051410534
2811051445895
1211063466567
1211045523169
1211045663278
1211063577185
1211045511815
1211046283933
1211045558573
1211045560955
1211047768792
1211045561181
2811051446752
1211045439223
1211045452149
1211045469021
1211045707117
1211046358177
1211063884679
1211045505632
1211045498126
1211045518916
1211045532028
1211045506949
1211045682811
1211045541321
1211045681012
1211045515727
1211045619427
1211045593830
1211045531447
1211045581016
1211045540724
2811051104297
1211046825231
2811050815492
1211045530480
1211100744431
1215387724385081
1211045523386
1211045885899
1211045498572
1211045521243
2811051579832
2811050951802
128209436519626
1211046140600
2811051037654
2811051071947
1211045881667
2811051442870
2811051182139
2811051221696
1211045535217
1211046649568
1211045530642
2811051656660
1211045533138
1211045524938
1211045682577
1211046017907
1211045554966
2811051391754
2811050790913
1211045508637
2811051080954
2811051564847
2811050766332
1211045441456
1211045536606
1211047647735
1211045666023
2811050980709
1211046017737
1211099884100
1211064148379
2811051028879
1211045685831
129635796365570
2811051135897
1211045487003
2811050982875
2811051218618
1211045532423
1210747524166515
1211045530859
2811050858726
1211859701543870
1211046296922
1211290148351117
2811050554819
1211046621981
128844479049073
1217158612725054
2811050497861
1211045540370
1211045463319
1210269707219904
1211045541489
2811051017050
2811050887544
2811051300797
1210275693276541
1210020693750050
1211045568107
1211100099609
2811051033440
1211045574656
1211045746911
1211100306223
2811051082972
1211047345514
1211099800899
1211099954839
1211099955490
2811051574491
126877044288596
1211045513866
1211045546619
1211045611592
1211045665980
1211045677471
1211047048815
1211063469478
1211099800766
1211099874295
2811050915920
2811051107551
2811051423033
1214398846939157
1211045524054
2811051411505
1217950919897227
1211045429343
1211045531979
1211046769194
1211046839017
2811050780225
2811051030199
1211045883170
1211045884740
1211046160152
1211046269565
1211046488467
1211046756156
1211046757260
1211046765804
1211046805859
1211047008688
1211047091257
1211047237195
1211047648188
1211047723010
1211099886647
1211100821590
2811050780762
2811050913367
2811050951052
2811051036368
2811051043050
2811051044151
2811051046210
2811051054171
2811051093485
2811051104226
2811051178702
2811051221137
2811051228087
2811051231954
2811051082380
2811051107762
2811051135565
2811051137350
2811051262568
2811051347963
2811051444830
2811051495712
2811051560103
126876741250956
129733410139516
1213515224527775
1216368507039962
1217793942588170
2811051049007
2811050818132
2811051050283
2811051082019
2811051085471
2811051236428
1220021604032006
1211045429064
1211045508619
1211045530763
1211045531915
1211045535013
1211045735123
1211045738320
1211045867304
1211045880869
2811051235001
2811051236069
2811051260585
2811051262338
2811051264822
2811051266095
2811051278133
2811051290286
2811051299315
2811051377096
2811051406009
2811051412275
2811051440994
2811051462581
2811051649922
2811051675358
1210231923879367
1211289758280793
1212972131626800
1213172559326816
1215980996342083
1217879425626810
1217952049475810
1211045446314
1211045416486
1211045355918
1211099788722
1211045336532
1211045441996
1210273269493107
1211045446848
1211045405495
1211045445735
2811051397722
1211065511914745
1211045427536
1211045413125
1211046604635
1211045337734
1211045364790
1211045443413
1211046756674
1211045441800
1211045447918
2811050677910
1211045450515
2811051137336
1211045456456
1211045360119
2811050688890
129661375327342
1211045357815
1211099790070
1211045339296
1211045365251
2811051145213
1211045366822
1211045392458
1211045405429
1211045368963
1211045336665
1211045340410
1211045427263
1211045334480
2811051507601
1211045442256
1211046913857
1211045428172
2811051396044
1211045389892
1211045417815
1211045452860
2811051479404
1211045377640
2811051812251
1211050176660
1211045348681
1211045378923
1211045443799
1211045349842
1211045362998
1211045409317
1211045362070
1211045376984
1211045460574
1211045745817
2811051419290
2811051455315
1211045411204
2811051493163
1211099950513
1211045387883
128895239828373
1211047798427
1215509032044708
1211045258983
1211045356715
2811051852949
1211099949845
1211045366658
1211046896622
1217726373399446
2811052371977
1211045409515
1211045449956
2811051210159
2811051542369
2811051861223
1210474513510313
1211047587750
2811051464851
2811051509577
1214624429739668
1211046026520
1211045391911
1211045377064
2811051480083
1211047715733
1211045346719
1211045459308
1211045953324
1211045441562
1211045337264
1211045457895
1211046447331
1211045458790
1211045350878
1211045355222
1211045458346
1211045365981
1211045337047
1211100002582
1211046455333
2811051813900
1211045416087
1211045429053
1211045379311
2811050669944
1211046756520
2811051189837
1211045369256
1211045452871
1211045451589
1211046461300
1211045334064
1211045456002
2811051476257
2811052406359
1211786351029752
1211045409528
2811051489305
1211045359098
127513629011018
1211045413119
1211099784180
1211045461749
1211045335442
2811051196127
1211045335568
2811051556470
2811050411968
2811050689257
1211047048736
1211045374188
1211063451654
1211100069767
1211099790453
1211046726966
1211045362513
1211046108152
1211099788520
2811051395040
2811051506873
1211045455346
1211045461649
1211045453080
1211045356635
1211099790736
1211045409765
1211045393022
1211045451781
1211045338104
1211045365353
1211045523047
2811052377587
1211045333110
2811051130069
1211045426677
1211045348779
1211099888423
1211045396111
1211045452002
1211045392736
1211045450808
1211045406673
1212375605654208
1211047123364
2811051417202
1211046462937
1214483741510166
1211099789024
2811051543972
1211045442708
1211045401380
1211045411605
1211045405799
1211045345588
1211045371018
1211045413743
1211045409610
1211045407174
1211047125901
1211045374204
1211045360580
1211045386159
1211046633997
1211045417814
1211045420142
1211045415639
1211045398084
1211045342827
1211045393516
1211045365543
1211045390080
1211045364073
1211046113451
1211045454480
1211045388393
1211045460931
1211045368405
1211045200206
1211046153997
1211045333747
1211046945767
1211045422500
1211047089204
1211046153589
1211045397346
1211045408507
1211045367797
1211045414251
1211045425552
1211046357001
2811051481094
1211045369205
1211063540520
1211045397804
1211045419034
2811051493367
1211045414252
1211058608074
1211045449208
1211045400286
1211045390689
1211045356134
2811051830023
1211045459704
1211045349173
1211045410622
1211047798245
1216002638711479
1211045376159
1211045334958
1211047212692
1211047577851
1211063120710
1211099841430
2811051413618
2811051443451
2811051461028
2811051508556
2811051508686
2811051552814
2811051553072
2811051553907
2811051557144
2811051560083
2811051564681
2811051796745
1214075505707729
1214369184843899
1217954544300503
1218203642966181
1220022036194582
1220021808543802
1211045332992
1211045334402
1211045357127
1211045357630
1211045396848
1211045425980
1211045456696
1211046411161
2811051504196
1211315836890705
1213787561996666
1212197969540085
1214372752361835
1211045332859
2811051433301
1213512990011117
1214075012091280
1217878925979820
1217926517435932
1220020600382913
1211045337911
1211045354725
1211045355110
1211045444640
1211045456594
1211046447791
1211046615391
1211046753532
1211046874109
1211100264364
1211045809375
1211046178816
1211046802477
1211100075799
1214623477609056
1211045097356
1211046304652
1211047078044
2811053971800
1211045772500
1211047097053
1211100049010
1214102226831781
1214234110167839
1211045781848
1211046092362
1211046977905
1211047034902
1211047091625
2811050658408
2811054025854
2811055496138
1210660693945576
1211046593268
1211045769056
1211046091681
1211046092383
1211046201949
1211047364112
1211046546765
1211045296455
1210427493790188
1211046687401
2811054215052
1214439684279577
1210949618053533
129840166710835
1211100195150
1211047226076
1214394504785915
2811054127190
2811054057699
1211046986939
1211046202782
1211046846563
1211046563927
2811052495394
1211063390123
1211099889201
1211047869388
1211046299968
1211100072763
1211047718000
1211047179696
2811053948462
1211100048934
1211046445264
1211046977942
1211049317929
1211045279440
1211045282354
1211061369032
1211063970658
1211046903487
2811054199148
1211046414221
2811054538195
1211100211184
2811054167657
1211047218498
1211063798728
1211047118352
1211063772817
2811054101865
1211057493396
2811053346904
2811053953509
1211401268047414
2811054195380
1211045297080
2811054189597
1211045366202
1212963946181451
1210637421850201
2811053349892
1211063433298
1211047799498
1211045318840
2811054014436
1211061371734
1211049068780
1211047176108
1211046116511
1211063119295
1211046312545
1211045778884
1211045806939
1211046493616
1211046751682
1211047310123
1211063042135
1211046360650
1211061438721
1211046154887
1211062130522
1211046536617
1211046155780
1211100316902
1211046121619
1211047811517
1211046125872
1211049101936
1211049031096
1211046827024
1211047105220
1211046182883
1211045785271
1211046980755
1211045775037
1211100222268
2811053952496
2811054142404
1211047218108
2811054011521
2811054129168
1211046493405
1211047204282
1211045850824
1212807281324709
2811054161162
1211046507730
1211045813066
1211084566901320
2811054102865
2811052443468
2811053351375
1211045775453
1214324075606728
1211046726740
2811054183434
2811052548107
1210473526013015
1211100264037
1210317856780412
1211045283219
1211046367957
1211047237200
2811053368120
2811054170920
1211063503142
1211045098177
1211045114956
1211045112174
1211046185217
1211045104565
1211045105553
1211046185580
1211061384343
1211047051479
1211045235143
1211060848135
1211046117000
1211045113246
1211046071771
1211047675759
1211045227131
1211046495597
1211046193025
1211045113868
1211045778977
1211045783625
1211045361255
1211047559187
1211046307998
1211046157373
1211045807523
1211046326468
1211046727678
1211046154567
1211047696264
127670261625729
1211062031993
1211046522537
2811053365652
1211046151779
1211063879300
1211045768495
1211046458742
1211046154888
2811054533611
1211063170581
2811054138894
2811052520705
2811053354910
1211045815161
2811053959840
1211046496142
1211047218167
1211046121079
1211046162710
1211063512084
2811054219942
127985917079498
1211046182539
1211045812295
2811055491757
2811053363090
1211047280663
2811054108777
1211046151883
1211046296318
1211049688121
1211045774472
1211046121356
1211063764608
1211046445613
1211045805672
1211045308172
1211061403922
1211046459420
1211045773131
1211046827025
1211058523999
1211045810658
1211045776254
1211046729222
1211046445263
1211047610248
1211100070425
1211046444713
1211046493523
1211046269426
1211046115259
1211046669958
1211046387109
1211045782951
1211046539535
1211060853097
1211046116146
1211046638569
1211047116198
1211047168143
1211047182983
1211047189154
1211047248858
1211047289523
1211047335209
1211047348628
1211047576082
1211047737469
1211057400025
1211062776208
1211063797889
1211100380922
1211100382168
1211100382961
1211100385337
2811052511928
2811052532642
2811054545677
2811055499219
2811055500791
128593575522614
129163346553890
1210638402006149
1211697055870273
1212035715248569
1212037478165867
1212061080302088
1211045304588
1211062932284
1211100263669
1211100281546
1211100773315
1211768816218780
1214074022497222
1220021456166628
1211100049007
1211045769002
1211045770952
1211045778553
1211046294548
1211046994230
1211047049623
1211047170326
1211047737399
1211099887177
1211100195149
1211100274831
1211100330372
1211100378858
2811050660280
2811051185108
2811054217191
2811054228168
2811055492227
2811055500583
129661889916975
2811054016140
1211045771564
1213602129719899
1215574843536050
1210550166957884
1220020956897396
1211046191657
1211046598068
1211046634199
1211046753969
1211046771988
1211046937468
1211047070737
1211047137019
1211047167800
1211047184100
1211047325370
1211047333470
1211047333821
1211047334867
1211047335470
1211047336261
1211047336720
1211047595423
1211047595874
1211056833666
1211100262532
1211100266512
1211100291503
1211100367064
1211100367423
1211100370820
1211100370820
2811051450930
2811051980443
2811052545305
2811054018740
2811054021087
2811054210796
2811054553357
2811054557357
2811054561005
2811055497838
2811055499392
2811055507696
126962545701481
126970453012591
127307593265980
129006676193303
129682242515756
1210774916640736
1211951452204218
1212066406804592
1212171869170915
1214081634349499
1214399722762295
1214554576466091
1214828967833150
1214829396199755
1217568812511332
1220020394818745
1220020674838047
2811053076200
128621084388437
2811053174152
1211045338889
129640857842623
2811052566244
2811051602629
128779607847302
2811053757362
2811051584182
2811052569832
2811052491317
2811052519626
2811053156172
2811053073162
2811052500190
1211045401820
2811053180234
2811053059089
1211045412754
2811052564038
2811051709899
2811053063163
129664951233989
2811053171715
1210752419967621
1211045727845
1211099708344
1211100876430
2811053161113
2811053055212
1211047386439
2811052572851
1211045381238
1211045873182
129006766370175
1211045342516
1211045712533
128779840630417
2811051873997
1211045871384
2811052557682
1211045389995
2811052550204
2811052343788
1210836287696973
1211100000318
129726861782164
2811051699883
2811051695939
2811053153271
1211045711792
2811053067476
1211045393934
2811053166708
1211045710336
2811051842613
1211045402759
2811052512663
2811052516521
1211063480287
2811051601281
2811053182084
2811052546707
1211063050375
2811052354990
2811052519983
1211063204346
1211045399268
2811055904517
1211063765415
1211063200111
1211063203338
2811052564079
1211045693161
1211045379874
1211045393352
1211063210811
1211045396807
1211045381640
1211045388305
1211063199345
1211099852895
1211063196397
129932736311431
2811051685228
1211051756204
1211063201030
2811051605072
1211045347756
1212856292028999
1210274275603100
1210435029118606
2811053181236
2811052531555
129528672269170
1211428441107959
1210683329818889
1210767521821245
128685008466212
2811053155147
1210998135927234
1213762101784186
1211243409125794
1211045696175
2811052353470
1211047305519
2811052581132
1212560193302876
1211099952681
129816012762696
1211099951612
1210552995229839
1211099954071
2811053149293
1214399520387687
1211099652729
2811052578284
1211045357597
1210317649423734
1211469863268859
1214399722762404
1214714060967453
1214285234777925
1218039663766988
1211047588389
1211063879611
1211099952199
2811051938415
2811051958374
2811052573663
129846801838548
1211743162543130
1212537830847096
1213128735927987
1214164371737030
1211100915056
1220021450919595
1220021885086388
1211047091898
1211099949231
1211100000249
2811051588553
2811051950387
2811052530073
2811052568393
2811053152776
2811055903136
2811055903515
2811055903752
1211100262817
2811055445831
1211063579112
1211045730898
2811053164898
2811052539856
129053330223740
1210092563149811
2811053171115
1211045730376
1210098691551032
129640659397862
1213149227724513
129054099877995
1210767765090021
1213601535177497
2811053160271
2811051585046
1211045874676
2811053070984
2811051923618
1211063502561
2811053163883
2811051583584
2811053172612
2811053071865
2811052569283
1210545282953791
1210662319239262
128535249268110
2811052544052
2811052345640
2811053064993
2811052585179
1211100197048
129521692684961
1216999738542524
1210281509203903
2811051856770
2811052503029
2811055450159
129730792632146
129846669194175
2811053178043
128525786918884
2811051582135
1211045708510
2811051610075
2811052514569
2811052521727
2811051603952
1211380550021788
129705056644762
2811053066328
2811051724958
2811052570595
2811051694228
1211100049104
2811052592658
1211099886716
1211045485996
1211045403664
1211045384119
2811052534789
1211045351360
2811052523812
1211045400250
1211045382078
1211063299697
2811052347317
1211045394915
1211047305889
1211045385938
2811052541227
1211045713559
1211100049265
1211045385301
1211045353339
1211047294413
2811052508968
2811052553088
1211099927543
1211050441131
1211045382727
2811051596607
128691284978733
2811052514475
1211045399788
2811051845463
1211045340797
2811055904112
129640110993046
129912073335598
1210767350378425
1211741629263483
1211746502782250
1212382041549987
1213061466895250
1213922515586528
1214008954924569
1214489699781090
1214599719497941
1216006616223060
1220020675884439
1220020854138472
1220021132043374
2811055883334
2811055533050
2811052591655
2811055559433
2811054544669
1211100049295
2811055888458
1211100673256
1211062672164
1211100777542
1211100776697
2811054446307
2811054357081
1211062775874
2811051601456
1211045595464
2811054342453
2811055896514
1211046447795
2811055459799
129726126205990
2811051091999
1211100766532
1211063471834
2811055575971
2811052674572
129713041027708
2811054361790
1211062882628
2811055548412
1211100628255
1211062730545
1211045596690
1211062805149
1211100668647
1211100635309
1211062753960
1211045646095
1211100544276
1211062884895
1211100629730
1211062720323
1211045597921
1211058524033
2811055453486
1211045561386
129658973564536
1211045650648
1211046395104
1211046767842
1211099894356
1211100547488
1211062750988
1211047061947
1211100081037
1211063034454
1211046288226
1211045555433
1211063010489
1211063496439
1211100875273
2811055565725
1212541850037367
1211062743951
2811054261325
1211062136585
2811054380763
2811051405685
1217720679608973
1214091406029680
2811055902771
1211100672992
1211045569058
2811055530993
1211045564472
2811054401380
2811054274631
1211045587890
2811052604130
2811052585796
1217659205553035
2811054372194
1211100910790
2811055586879
1211045586204
2811055588587
1211045879796
2811051693958
127510273044477
1211062135470
2811052600061
1211046525454
1211045574513
129659555525559
1211100619174
1211046458959
1211100631557
2811055461764
1211045423155
129642177211551
1211063517271
1211046052784
1211046411509
1211062805992
2811055544845
2811052598602
1211046531257
1211062803178
1211100634607
1211046552285
1211100266436
1211047622594
1211062801904
2811054298852
2811054262544
1211064046112
2811055523963
1211063794787
1211047723600
1211100629306
1211062742955
2811054399609
1213126372174981
1213915526802678
2811055901632
1211100637107
2811055519479
1211062673090
2811054445629
1211100305054
1211062666976
1211100910230
1211100776495
2811054409451
1211100037018
1214261982890691
1214935764273481
126764037157029
1211100081456
1211100678402
1212742792589968
1211048447240
1211062783719
1211045658518
1211063440901
1211045587503
1211063291278
2811055884095
1211100161343
126877149146488
1211100394498
1211060894617
1211063523162
2811055895996
129725583830785
2811055574358
1211100670565
2811055550741
2811055459297
1211045563376
2811055563319
2811055566722
2811055451371
2811055589425
1211047933141
2811054442419
2811054353289
2811054404657
1211100876366
1211100398287
2811052606857
1211100719487
1211045563031
2811054556515
1211409269730420
1211062779154
2811051399477
1211062876693
1215983337573633
129725483692675
1211100546016
2811054394576
2811051741645
2811052596926
1211100531742
1211409057918578
1211100302520
1211050440856
1211045563732
1211047674161
1211100773110
1210768224627746
1211046531258
1211100674021
2811055515819
2811054334248
1211100747765
1211046767579
1211062719189
2811054450951
2811055580033
1211047392185
2811054384923
1212330575605686
2811054316139
2811055567820
2811051718396
2811054402519
2811055535708
129658690187534
2811055511344
1211045593621
2811054333750
1211100036183
1211100771352
2811054310146
126877415747680
2811054263784
1211063487001
1211100049068
2811052602735
2811055900730
2811055528096
129505302392462
1211045739081
2811051417335
2811051401761
1211045576718
2811054276827
1211062667736
2811055456505
2811055457767
2811054375091
1211045505778
1211100635133
1211062749147
1211046622934
1212562066320767
1211100530067
1211062668236
2811052605433
2811052608159
2811054247562
2811054249147
2811054253580
2811054258888
2811054332581
2811054382615
2811054450424
2811055526817
128191901446390
1210768902008467
1211288925712220
1214398789266815
1216502335746475
1216505366678204
1217519722376811
1220020401108920
1220021207539810
1211062780442
2811055555349
2811055901926
1211026421001458
1216458841076494
2811055521751
1211100875389
2811055901887
1215976315259363
1211047599528
1211100049299
2811055573105
128121822753111
1211047399605
1211100048152
1211100162300
1211100164078
2811051657591
2811054553356
2811054561061
2811054562473
2811055553131
1212670138594125
1213281768256355
1211062805586
1211063965391
1211063976496
1211100076765
1211100160326
1211100671896
1211100907226
2811051109600
2811051407240
2811051680593
2811051746943
2811054258438
2811054548395
2811055585607
2811055896284
2811055898025
2811055900146
126874731655798
126876098998873
1214395819961623
1214399722762618
1220021730949173
1218135248024466
1220022059294247
1220022241763988
1211045580417
1211045839246
1211047325830
1211047588294
1211047785071
1211099926738
1211100049008
1211100082314
1211100195135
2811051159698
2811051331656
2811054507843
2811054290154
2811054496224
1211063886590
2811054142729
2811053427253
1213216255587034
126874898902792
2811052038632
1211046762013
128623390469715
1211046428140
1211063580359
1212494633185973
2811054498943
1211100223649
2811053423820
2811054523937
2811052427045
2811052399406
2811052027372
1211046582039
1211099997066
129003340672875
1211046828379
1214850261813998
2811053440279
1215345019792633
2811055480119
2811054526187
2811051616909
1211045792674
1211099888817
2811052641916
1211100196941
2811052638498
2811051624526
1211063046178
2811055480648
1211063547194
1211063118665
2811053452102
2811052639172
1211047946136
2811054294717
2811053437451
1211045803525
2811054185933
1211045805354
2811052386803
1211100266646
1211045788252
2811052379582
1211046951812
1211099967876
2811055860794
1211047786024
2811052638143
2811053399475
2811054276763
1215347486328972
2811052412794
127717266928168
1210092115144229
2811054283268
2811054162181
1216320260246410
1211100197045
1210637519630257
1211242781814157
1215078088258490
1216662421843768
1211061288754
1220020477658519
1211317431251390
1211063521495
1211063884210
1211063882685
1211063901451
2811055465440
2811052000750
2811055478185
1211100085596
2811055480519
1211099953517
1211099954298
2811055476303
1210905032339869
1211100049172
1214413615106077
2811053421486
126877257674969
128756266807862
1214825268742258
1217656903905055
1220021309278594
1220021383807579
1220021450916127
1220021805395971
1211046926197
1211100049012
1211100086065
1211100261138
2811054240292
2811054292992
2811055477795
2811055478950
2811055489438
128373541547165
1212831673824070
1213129818582037
1214399722236940
1215546643155573
1216343198894160
1218199338824550
1211245028388667
1211100196149
2811052641285
2811053395462
1211063492427
127376170398152
2811054159669
2811054502343
1211046265974
2811054272697
2811054209810
127915012895059
2811054247811
127376649333796
2811054224431
2811053386129
1214482246503204
1211100085356
2811052642446
1211048054968
1211063489343
1214822719129682
2811052640285
1215099989077494
127036575165877
2811053408803
2811052019618
126877503303158
2811053432964
1215026296729930
2811054203940
2811054504632
1214822788050242
1210904735855583
1211085699100837
1214715413630866
2811054521626
1211100048783
1214120140180257
2811054511433
1214712392682214
2811055488336
1211100049297
2811055488917
1215822098280045
2811054494715
1214918775745692
2811054200834
1211063171625
1214942165282725
1212856803470720
2811052396391
2811052639665
2811052424854
1216708471370060
2811055489930
1214600321904445
1216183194825662
1218265896945939
1210117061291881
1212542517195400
1210450840858410
2811054271044
1211099953886
2811053388144
1214285997616264
1211100224453
1215100158161050
1211063033635
1211099954079
1211100424762
2811054285807
126876315266082
126876315266089
1213282408934800
2811055489743
1211100222269
2811054268935
128751656219638
1211884655292632
1212332163674064
1212853896295145
1214867027496692
2811054492982
1211099666740
1211099998590
1211100049105
1211100223363
1211100223655
2811052008387
1211061987163
1211063179474
1211061986333
1211062043899
1211062238763
1211062043492
1211062248268
1211063169994
1211062070290
2811053966221
129753229536883
2811052245118
129911403295382
1211062250108
2811053052728
1211100740389
2811053148989
2811054021715
2811053171114
2811053176016
1211063172139
2811052372836
1211062073712
2811052566295
1211100257600
2811052465942
2811053088031
1211063575977
2811052335957
2811053546810
2811053995737
1211858724531874
1211100295547
2811053231839
2811053269923
2811053354538
129031306719658
129798191427027
128102952579268
2811053063739
2811052383970
2811052194837
2811053499326
2811053396343
2811053505035
2811053144632
2811053112483
1211063172689
2811053565647
1211100262795
2811053440197
1211062043161
1211062042961
2811053166582
2811053218506
1211100461239
2811053457766
2811052217971
2811053409779
2811053376754
1211063180737
2811054046307
2811053402731
2811053299046
1211062072596
1211061992172
1211063172503
2811053561732
1212828295310927
2811052389610
2811053241301
2811053576899
2811053267864
2811053281989
2811052266841
2811053078621
129839666277922
2811053428202
2811053164342
2811052204567
2811052221210
1211063902434
2811052469701
2811052202027
2811052591626
2811052242199
2811053315689
2811052484053
1211062576879
2811052195788
2811053225802
2811053323315
2811053379841
1211062032996
2811052577397
2811053515880
2811052462649
2811053397327
2811053049252
2811053271781
2811052254580
2811053568345
2811052461474
1211100195993
2811053257718
2811053435996
2811053082069
2811052476784
2811053147194
2811054017794
2811053589585
2811052385574
2811052207273
2811052218212
1211061991194
2811053238058
2811052190479
2811053295546
1211063181241
1211100370753
2811052233109
2811052261705
2811053317430
2811052490369
2811053223635
2811053570927
2811052589114
2811054105716
1211062042850
1211063528461
2811053136996
1211062232554
2811053303605
2811053463897
2811052267732
2811053047994
2811053235904
2811052263820
129748825780611
2811053291251
2811053400274
1211062070289
2811053287099
2811053552237
2811053516297
2811053113791
1211063173747
1211062033831
129889819405316
2811053315697
1211061985011
2811053536192
2811053320084
2811053057646
2811053064994
1211062247035
1211045733657
2811053172286
2811052334683
2811053571637
2811052213637
2811053280732
2811053245900
2811052243994
2811053549073
1211099843876
1211100346321
2811053503631
2811053310993
2811053565237
1211062545703
2811053582027
2811052252989
2811053340282
2811053233364
2811052198242
2811052278584
2811052602759
2811052220375
2811053188963
1211061989520
1211062251727
1211062806306
1211062829603
1211063964827
2811052479814
2811054052245
2811053127028
2811053165835
127777369994156
2811052335192
1211063173333
2811054045311
1211063436418
2811052455510
2811054064060
1211725927362148
1211062043088
2811052336380
2811052449626
1211062060899
2811053328944
2811052335739
2811052458833
2811052467135
1211063553095
2811053334286
2811052468323
1211062245379
2811052507179
2811052273298
1211100197356
2811052186673
2811053587170
2811053532104
2811053567820
2811053343999
2811052544670
1211063181892
2811052200204
1211062546405
2811053539488
2811054056004
1214825870340935
2811052464109
1211063172168
1211062514437
128552973874128
2811053484409
2811053233849
1211062530544
2811053410009
2811052494784
128525368013537
2811053254645
1211100337962
2811053185205
128374548442537
2811054073167
2811053480943
2811053568759
2811053468387
128728880098881
2811052598447
2811053287325
2811053398869
2811053242470
127035369828472
1211062574149
1211100194691
2811053499097
2811052289327
2811052233773
2811053521823
1211099954292
1211062568725
2811054066474
2811052277395
2811053523385
1211062516089
1211046982759
2811053446133
2811053493980
2811053559710
2811054063145
2811053047713
2811053302295
2811053423671
1211062552038
127034153218765
2811053411478
2811053484068
2811052509030
2811052453803
2811053321639
2811053459993
2811053384384
2811052334182
2811053534204
2811053524069
2811052222123
2811053519129
2811053335307
2811053231382
2811053578726
2811053290847
2811053554429
2811053421476
2811053541747
1211100423821
2811053557768
2811053294696
2811053051483
2811053562453
2811053419413
2811053310285
2811053510461
2811052486698
2811053438608
1211062806537
128594588708554
2811053342625
1211243400998101
1211062579227
2811053308290
129707361676904
2811053533594
2811052525486
1211062567536
1211046324700
1211063906943
1211063536353
1211063495619
1211063541768
1211063772642
1214399722763184
1213015152603150
2811052299187
2811053447651
127645389401392
2811054040981
1216680901684653
1211100223680
1211100346542
1216316318625021
1211100161496
1211100261846
1211100262328
1211100288662
2811053481838
2811052196287
1211062553196
2811053473950
128372281683313
128282835267327
2811053275990
2811053313269
1211062565193
1211062518057
2811053501750
2811053427785
2811053425620
2811053389827
1211062563246
2811053496364
2811052597195
1211062513165
1213602129719338
1211062555681
1211062572103
2811052605290
1211100223651
1216617855790300
1211724979973240
2811053500323
1211062510579
2811054065254
2811053461275
1211089621299820
127034592833523
128005770292613
1211063890601
1215977810505519
1217109156376232
1211062244907
1211100263661
1211100293473
2811052256500
2811053474975
1211401333584752
1214399346584711
2811053442376
1211100430250
2811053986491
127034855502142
1211062529067
1211062528580
1211063177144
1211063180870
1211063290341
1211100166890
1211100434728
2811053385584
2811053443015
2811053468241
2811053564388
2811054013352
2811054020080
127034461499051
128145170345726
1216686301850940
1220020827924247
1211045629849
1211100379745
1211062250162
1211062529600
1211062534787
1211062551047
1211062830127
1211063172740
1211100195873
1211100261552
1211100263668
1211100288582
1211100288675
1211100302579
1211100361947
2811052271585
2811052292432
2811052376871
2811053047385
2811053048985
2811053054506
2811053056567
2811053308184
2811053309105
2811053969282
2811054048739
1212967951216583
1214648136207019
1214957729844009
1216524294499872
129164042022922
1213984745139681
1215503987322453
1216183378610302
2811052217357
2811053124849
1211045504561
1211062037743
1211062073603
1211062534235
1211062549799
1211062555342
1211062561142
1211062573672
1211100221884
1211100288349
1211100300706
1211100344075
1211100663223
2811052209116
2811053495251
2811053991464
2811054107954
128599940116108
1210070223236580
1212971950485301
1215548586143839
2811053491528
2811052524243
1211045287519
1211062815150
1211062792606
1211099955876
1211062811041
1211062795565
2811052369322
1211062792752
2811053467192
1211062794722
1211062796169
1211062807923
1211062792607
1211062796609
1211063117270
2811053538770
1211063925382
1211062804587
2811053124400
1211062812460
1211062799836
1211062812074
1210932087173238
2811052381701
2811053538408
1211062792753
2811052382393
2811053543244
1211062797203
1211062797811
1211062808517
1211062819190
1211063956665
2811054066016
1212036620432156
1215075741829508
1211062795770
1213515224527091
1214170946023601
1216544344584639
1220021107933891
1211062795310
1211062798343
1211062819371
1211062830781
1211063172938
1211100262228
2811052374649
2811052380905
2811052395487
2811053531978
1211062796966
2811053534057
1211062798981
1211063962010
1211062809071
2811052378727
2811052394370
1211062829074
2811053525976
1211062830313
1211062797123
2811052377481
2811054059915
1211062792904
2811053526920
127034597815201
2811052393399
1211062797287
1211062839037
1211062829528
2811053527440
1211062819370
1211062831644
2811052383066
2811054048528
2811054064433
1211062798058
1211062829246
2811052383799
2811053492620
2811052392987
1211062793147
1211062830617
1211062799707
1211062791881
2811052392502
128100488426281
1211062814724
1211062798450
1211063545108
127034897181817
129728565456459
2811053494665
2811053533787
129504372043354
1211062814045
129818339028532
2811053501474
1211062792085
1211062811803
1211062795471
1211062813646
1211062796810
2811053542046
1211063955007
1211100085014
1211062799965
1214391707184540
1211062819331
1211062813354
1211062797442
1211100664178
1211100195654
1211062819827
2811054037788
1211063927253
2811053535601
2811053527755
1211062796323
1211062792163
1211047704040
1211100196041
2811053504727
1211063050878
1211062796098
1211062793249
1211062809710
1211062792960
1211062809386
2811052383379
2811054033812
1211062798586
2811052391517
2811054068938
1211062810815
2811053545270
1211062811377
1211062793498
2811053456898
2811054053532
